((("/usr/bin" .
   [0 0 0 0 1 0 0 0])
  ("PATH" .
   [0 0 0 1])
  ("path" .
   [1 0 0 0])
  ("provision" .
   [0 0 0 0 0 0 1 0 1])
  ("config" .
   [0 0 0 0 0 2])
  ("endl" .
   [3 0 0 0])
  ("continue" .
   [0 0 0 0 0 1 0 0])
  ("t_namber" .
   [2 0 3 1 1 0 0 0])
  ("prime_n" .
   [0 0 0 1 2 0 3])
  ("cout" .
   [4 0 0 0])
  ("unsigned" .
   [0 0 0 0 1 0 0 0])
  ("namber" .
   [1 0 0 0 3 0])
  ("y-or-n-p" .
   [0 0 1 0 0 0 0 0])
  ("yes-or-no-p" .
   [0 0 0 0 0 0 0 0 0 0 1])
  ("fset" .
   [1 0 0 0])
  ("cl" .
   [1 0])
  ("require" .
   [1 0 0 0 0 0 0])
  ("return" .
   [0 0 1 1 0 2])
  ("func" .
   [0 0 1 0])
  ("using" .
   [0 0 1 1 1])
  ("namespace" .
   [1 0 3 0 1 1 0 0 0])
  ("int" .
   [0 0 2])
  ("happycomplete" .
   [0 0 1 0 0 0 0 0 0 0 0 0 0])
  ("reinterpret_cast" .
   [1 0 1 0 0 0 0 0 0 0 0 0 0 0 0 0])
  ("for" .
   [0 0 1])
  ("pri" .
   [0 0 1])
  ("include" .
   [0 0 0 2 0 0 0])
  (":shell" .
   [1 0 0 0 0 0])
  ("sudo" .
   [2 0 0 0])
  ("httpd" .
   [1 0 0 0 0])
  ("alias" .
   [0 0 0 3 0])
  ("wine" .
   [1 0 0 0])))
